6.699827083772207093e-02
6.880521309371984140e-02
7.073226409026256434e-02
7.279471710045315458e-02
7.501185998240182673e-02
7.740847163282098264e-02
8.001707038341829281e-02
8.288130355822141693e-02
8.606092244002450098e-02
8.963798770036884855e-02
9.371913169911021135e-02
9.840953825471412952e-02
1.037085710627127094e-01
1.093741642896632893e-01
1.150569968577067337e-01
1.206073622937998552e-01
1.226814458276624109e-01
1.280892982870482089e-01
1.334655704002493948e-01
1.388603571917548796e-01
1.443095562539460919e-01
1.498373053384421949e-01
1.554589195161347470e-01
1.611832831729524684e-01
1.670146380723190049e-01
1.729538934572286413e-01
1.789995822031378303e-01
1.851485571404008212e-01
1.913964956559967567e-01
1.977382608109761741e-01
2.041681549725667955e-01
2.106800916348685604e-01
2.172677049558613960e-01
2.239244102937627823e-01
2.306434255366355268e-01
2.374177574622397258e-01
2.442401558223606939e-01
2.511030329628326507e-01
2.579983425087418736e-01
2.649174079347055288e-01
2.718506807087820998e-01
2.787873994209344453e-01
2.857151063213210773e-01
2.926189355307221018e-01
2.991658312375488626e-01
3.045776247888333232e-01
3.090456222858115054e-01
3.127316782520060956e-01
3.157716349400958578e-01
3.182787724957907294e-01
3.203470764346380006e-01
3.220542081281926872e-01
3.234641480855294793e-01
3.246294951559912101e-01
3.255934362410205507e-01
3.263914112644615284e-01
3.270525034974903211e-01
3.276005915300326810e-01
3.280552969582124501e-01
3.284327600097890487e-01
3.287462729314455934e-01
3.290067955443312653e-01
3.292233755506789317e-01
3.294034906021240383e-01
3.295533273584775324e-01
3.296780094439031306e-01
3.297817837283615328e-01
3.298681730849254423e-01
3.299401019020617443e-01
3.300000000000000155e-01
3.300000000000000155e-01
3.300598565280347674e-01
3.301316327332121103e-01
3.302176879083443262e-01
3.303208435747709282e-01
3.304444699366187455e-01
3.305925884492429412e-01
3.307699912320908320e-01
3.309823792056495462e-01
3.312365199734046972e-01
3.315404247452884423e-01
3.319035420117429358e-01
3.323369595975907420e-01
3.328535993573738527e-01
3.334683728000532033e-01
3.341982363634049547e-01
3.350620349773561490e-01
3.360799171162868193e-01
3.367907153981508084e-01
3.381918776480780098e-01
3.397983115403842569e-01
3.415979915985153381e-01
3.435296955499742011e-01
3.454221131997575189e-01
3.468637121422564196e-01
3.469973862887132388e-01
3.445955600955172837e-01
3.398421579916285906e-01
3.338508631883565503e-01
3.272275616112258478e-01
3.202414535331000733e-01
3.130571325919352943e-01
3.057612075249634409e-01
2.984062883319876791e-01
2.910263948950496671e-01
2.836447136727441865e-01
2.762777772935395282e-01
2.689378350592261380e-01
2.616342718667831191e-01
2.543744874328186523e-01
2.471644661372039975e-01
2.400091547840740025e-01
2.329127222012695730e-01
2.258787397873028846e-01
2.189103115811988076e-01
2.120101683093549017e-01
2.051807377234451668e-01
1.984241968276194701e-01
1.917425110175420833e-01
1.851374638146612850e-01
1.786106786319577311e-01
1.721636336442541049e-01
1.709490298633128402e-01
1.645985979657660636e-01
1.583306712490681056e-01
1.521462948018758587e-01
1.460463629093725346e-01
1.400315971258707659e-01
1.341025122077264820e-01
1.282593664528762500e-01
1.225020911123827771e-01
1.168301906483601160e-01
1.112426029947853473e-01
1.057375012653327118e-01
1.003120091373538164e-01
9.496178397121932124e-02
8.968039141475013520e-02
8.445834277820031544e-02
7.928158118611766669e-02
7.412912027537989224e-02
