1.173791629078513532e+00
1.183418489024902431e+00
1.193046989446085560e+00
1.202676956734301639e+00
1.212308214331977885e+00
1.221940582199577019e+00
1.231573876173218229e+00
1.241207907416158829e+00
1.250842481684229623e+00
1.260477398633556900e+00
1.270112450984870689e+00
1.279747423581481858e+00
1.289382092425870985e+00
1.299016223550587545e+00
1.308649571716515636e+00
1.318281879114524324e+00
1.327912873634494506e+00
1.337542267197327162e+00
1.347169753671785264e+00
1.356795006472937271e+00
1.366417676024673122e+00
1.376037386599469281e+00
1.385653732758035384e+00
1.395266275258705058e+00
1.404874536178474687e+00
1.414477993301414660e+00
1.424076073244429974e+00
1.433668143699088571e+00
1.443253503710297592e+00
1.452831372140846566e+00
1.462400873794227563e+00
1.471961022265926955e+00
1.481510698696066664e+00
1.491048625606540723e+00
1.500573333352723804e+00
1.510083118397013147e+00
1.519575988372335207e+00
1.529049590834161698e+00
1.538501118748598406e+00
1.547927182611528174e+00
1.557323634652575617e+00
1.566685319649935959e+00
1.576005717484035396e+00
1.585276408315316798e+00
1.594064876465545622e+00
1.601339754882727062e+00
1.607360527746475087e+00
1.612343354830156894e+00
1.615601607859264321e+00
1.619021739115747538e+00
1.621854966276686794e+00
1.624202994714575965e+00
1.626149818059826835e+00
1.627764768729920597e+00
1.629105067691557496e+00
1.630217945559199189e+00
1.631142400360299671e+00
1.631910649277501069e+00
1.632549324940216096e+00
1.633080458941193358e+00
1.633522291326025000e+00
1.633889931608367485e+00
1.634195907432391071e+00
1.634450611747430226e+00
1.634662671572288284e+00
1.634839252128952092e+00
1.634986307383257120e+00
1.635108786814307491e+00
1.635210806472009448e+00
1.635295791362042062e+00
1.635295791362042062e+00
1.635380744600613001e+00
1.635482650358258683e+00
1.635604880326620991e+00
1.635751473874232920e+00
1.635927266466342234e+00
1.636138043758577965e+00
1.636390723515324552e+00
1.636693570152206956e+00
1.637056446276010213e+00
1.637491105403936276e+00
1.638011529020357626e+00
1.638634311399396193e+00
1.639379077441529997e+00
1.640268936866421834e+00
1.641330923868663083e+00
1.642596357300078358e+00
1.644100969231111486e+00
1.645884491711671060e+00
1.647989048016391234e+00
1.650454905987875476e+00
1.653310204632057356e+00
1.656546152054683141e+00
1.660053941668626631e+00
1.663434098649950732e+00
1.665277639102423324e+00
1.662986248910875542e+00
1.657333220544155772e+00
1.650214901924831112e+00
1.642058601045937483e+00
1.633362502275694128e+00
1.624364792266447033e+00
1.615176340477307404e+00
1.605856383300521495e+00
1.596440400738341259e+00
1.586951353283495791e+00
1.577404948701069065e+00
1.567812395186753527e+00
1.558181961956466965e+00
1.548519915836871430e+00
1.538831115475093991e+00
1.529119399260780554e+00
1.519387850436562992e+00
1.509638980665431562e+00
1.499874861913604640e+00
1.490097222831810342e+00
1.480307518807062017e+00
1.470506987104699625e+00
1.460696687690093754e+00
1.450877535142995001e+00
1.441050323918847020e+00
1.431215748300609381e+00
1.421374418310314525e+00
1.411526872775864527e+00
1.401673589805343623e+00
1.391814995603442240e+00
1.381951471547502752e+00
1.372083360260109686e+00
1.362210970656493547e+00
1.352334582128090101e+00
1.342454448205041784e+00
1.332570799604364975e+00
1.322683846861417489e+00
1.312793782605386372e+00
1.302900783508869953e+00
1.293005012007986565e+00
1.283106617748241529e+00
1.273205738915169638e+00
1.263302503330081539e+00
1.253397029500365800e+00
