4.274042382833419945e-02
4.489770328364683233e-02
4.722836308692244384e-02
4.975558744758425828e-02
5.250725438086110280e-02
5.551717200177790773e-02
5.882662141181631277e-02
6.248605690036015264e-02
6.655617398669451401e-02
7.110507403168475626e-02
7.618986593931675877e-02
8.178901636745715409e-02
8.765429234323159069e-02
9.324796836858943727e-02
9.809725250196436874e-02
1.021292576031676835e-01
1.034737693811350612e-01
1.066155759871438014e-01
1.092891838549000100e-01
1.116009716025377907e-01
1.136243936993798637e-01
1.154092744839147061e-01
1.169891234511292871e-01
1.183862490869938139e-01
1.196152505655349030e-01
1.206854110699464022e-01
1.216023567133969197e-01
1.223692187705933132e-01
1.229874542251603031e-01
1.234574255804002929e-01
1.237788082402893342e-01
1.239508710698637717e-01
1.239726623305703324e-01
1.238431225754471343e-01
1.235611399088512585e-01
1.231255578713051219e-01
1.225351422545117724e-01
1.217885101570757578e-01
1.208840213059436119e-01
1.198196284231004133e-01
1.185926792670954910e-01
1.171996573138433112e-01
1.156358391089121196e-01
1.138948358897123175e-01
1.120609292212416674e-01
1.103962864711797442e-01
1.089085322236277992e-01
1.075946300673009393e-01
1.064452197055727606e-01
1.054474569823085905e-01
1.045868738877386572e-01
1.038485933603049693e-01
1.032181037096947390e-01
1.026817330922762811e-01
1.022269156820416053e-01
1.018423146372688382e-01
1.015178485919634027e-01
1.012446549607613350e-01
1.010150145740330296e-01
1.008222548039180849e-01
1.006606435474205197e-01
1.005252817765581175e-01
1.004120003317048593e-01
1.003172635926238704e-01
1.002380819775225695e-01
1.001719338288259847e-01
1.001166964089077183e-01
1.000705857972432195e-01
1.000321050068739975e-01
1.000000000000000056e-01
1.000000000000000056e-01
9.996785835037415302e-02
9.992924292439907263e-02
9.988283749971463288e-02
9.982705435731899224e-02
9.975997494677950328e-02
9.967927780499394319e-02
9.958214917091441631e-02
9.946517177595233516e-02
9.932418552111843546e-02
9.915411125407612436e-02
9.894872643740187934e-02
9.870037578639756504e-02
9.839959441671164431e-02
9.803460951395220890e-02
9.759067126359427524e-02
9.704913869020855011e-02
9.638620570489610240e-02
9.590557164392157774e-02
9.490895537963213446e-02
9.366885084122450467e-02
9.211297629397209585e-02
9.014174250583695258e-02
8.761906971437544156e-02
8.437657249039198781e-02
8.029616622500236611e-02
7.557079176526444730e-02
7.133637631261985357e-02
6.784473245472637248e-02
6.491574127923452342e-02
6.238972643304679239e-02
6.016996935429339000e-02
5.818657819887679272e-02
5.639048840645445593e-02
5.474612438674338749e-02
5.322688600703327777e-02
5.181233013411614546e-02
5.048635758503014492e-02
4.923601362810015036e-02
4.805067088001269138e-02
4.692145907892492779e-02
4.584085741366000083e-02
4.480239758777818104e-02
4.380044333984035865e-02
4.283002460941687239e-02
4.188671110062721498e-02
4.096651513696503849e-02
4.006581648961977937e-02
3.918130413485651498e-02
3.830993134390368177e-02
3.744888133610742298e-02
3.659554152874612554e-02
3.643423578504207533e-02
3.558692231888545970e-02
3.474222881851623396e-02
3.389809701192836311e-02
3.305262979563335091e-02
3.220409152956280746e-02
3.135091077978398311e-02
3.049168480111837110e-02
2.962518491614826027e-02
2.875036187064325052e-02
2.786635049676625814e-02
2.697247298570326288e-02
2.606824088992809596e-02
2.515335776450289967e-02
2.422772908799533664e-02
2.329149927643976020e-02
2.234517417979367190e-02
2.139001475407663333e-02
