5.165208365788866995e-01
5.067173482790152672e-01
4.969164264500232076e-01
4.871180476574733520e-01
4.773221954372267040e-01
4.675288610109410437e-01
4.577380441130537436e-01
4.479497535041581657e-01
4.381640079937123011e-01
4.283808370956921907e-01
4.186002819015743337e-01
4.088223960123528178e-01
3.990472465173977579e-01
3.892749151160236343e-01
3.795054991965725599e-01
3.697391132252937918e-01
3.599758900977849674e-01
3.502159828539724296e-01
3.404595665068765320e-01
3.307068401667514479e-01
3.209580294569878145e-01
3.112133894528775202e-01
3.014732077286079170e-01
2.917378084693229012e-01
2.820075567912629366e-01
2.722828641954981865e-01
2.625641950403549973e-01
2.528520740354501806e-01
2.431470956767345371e-01
2.334499353463725113e-01
2.237613632501973815e-01
2.140822616242601395e-01
2.044136455725986123e-01
1.947566905882891219e-01
1.851127662400594565e-01
1.754834804300357265e-01
1.658707369841792567e-01
1.562768115175905692e-01
1.467044548020291772e-01
1.371570323998500263e-01
1.276387215861083946e-01
1.181547937171364832e-01
1.087120273572834139e-01
9.931933335830131493e-02
9.041675502036271295e-02
8.305146127353624230e-02
7.695949260056361707e-02
7.192128346715072340e-02
6.775445278070095501e-02
6.430773736905276428e-02
6.145587794866428505e-02
5.909529977967804132e-02
5.714046573385217487e-02
5.552080203124098307e-02
5.417811554290714177e-02
5.306443425955922888e-02
5.214020898768557954e-02
5.137282354402974982e-02
5.073536413717948806e-02
5.020560705898895193e-02
4.976518664528629260e-02
4.939891269800841811e-02
4.909421139303132842e-02
4.884066609493336458e-02
4.862964086832419208e-02
4.845397109756328924e-02
4.830770913128409200e-02
4.818591487997336831e-02
4.808448311830323951e-02
4.800000000000000100e-02
4.800000000000000100e-02
4.791555938815727361e-02
4.781428323404735004e-02
4.769282974202622427e-02
4.754719856049570426e-02
4.737260531356075194e-02
4.716333229035699764e-02
4.691255315852141394e-02
4.661212781763583723e-02
4.625236501996100869e-02
4.582175098604600316e-02
4.530664394095543224e-02
4.469094143287430376e-02
4.395573556916142904e-02
4.307899025183702102e-02
4.203530977744069502e-02
4.137322921924342645e-02
3.989757059350051982e-02
3.815854452707121564e-02
3.612431327509525725e-02
3.377353801827954333e-02
3.111505099167517774e-02
2.823478118494119476e-02
2.541002134761138551e-02
2.335865359456503268e-02
2.344651641662122074e-02
2.685681122957413527e-02
3.262228944340371528e-02
3.954522029995747451e-02
4.712393734176067994e-02
5.511311619737250395e-02
6.338094514527561896e-02
7.185026716499362531e-02
8.047253736208984098e-02
8.921541865477942979e-02
9.805636676419809961e-02
1.069790708138223662e-01
1.159713606657617052e-01
1.250239207784556716e-01
1.341294610683090582e-01
1.432821680271323395e-01
1.524773273251488481e-01
1.617110582050301226e-01
1.709801238661399769e-01
1.802817912733813699e-01
1.896137266497518736e-01
1.989739163433637548e-01
2.083606060398968118e-01
2.177722531431132147e-01
2.272074893955557950e-01
2.366650908115368879e-01
2.461439546572034287e-01
2.556430793927444434e-01
2.651615499010893107e-01
2.746985240970061248e-01
2.842532225401208645e-01
2.938249200952789963e-01
3.034129381911731538e-01
3.130166386566849424e-01
3.226354190239242858e-01
3.322687076451436017e-01
3.419159605936574753e-01
3.515766585354667129e-01
3.612503043327903174e-01
3.709364209210946339e-01
3.806345498601390598e-01
3.903442497200993455e-01
4.000650948567833209e-01
4.097966746574381314e-01
4.195385924802347288e-01
