1.047901704307664245e-01
1.072450656638437305e-01
1.103600424282341896e-01
1.130123636042669188e-01
1.143011962390669684e-01
1.166718350729945980e-01
1.175773139946479223e-01
1.194130733882425993e-01
1.229657131474852783e-01
1.268346762293062757e-01
1.309755643305226536e-01
1.353674725505542575e-01
1.399820646785919498e-01
1.447883278277795616e-01
1.497569974616575761e-01
1.548631111921004444e-01
1.600868656189229911e-01
1.654133717812616422e-01
1.708319055413693166e-01
1.763350396189041491e-01
1.819178376576780498e-01
1.875771964370251399e-01
1.933113280257607591e-01
1.991193716022985616e-01
2.050011099565119121e-01
2.109567586746170786e-01
2.169868134462227538e-01
2.230919427561684487e-01
2.292729080616797976e-01
2.355305191393826381e-01
2.418656586404558106e-01
2.482928423088898440e-01
2.508962252767764634e-01
2.574209543605564532e-01
2.640239419318511915e-01
2.707066404582968988e-01
2.774693837005330899e-01
2.843123195155693450e-01
2.912354509301155470e-01
2.982386393037745331e-01
3.053216041918380697e-01
3.124839220360703940e-01
3.197250254549102166e-01
3.270442043255871178e-01
3.340983958758547145e-01
3.400299199903230041e-01
3.450092609050555703e-01
3.491837247059921823e-01
3.526796489164827353e-01
3.556047654094347532e-01
3.580505280616761987e-01
3.600942975976903493e-01
3.618013296327847184e-01
3.632265453868990246e-01
3.644160850117568184e-01
3.654086551250936843e-01
3.662366880975380101e-01
3.669273329468358824e-01
3.675032981611116023e-01
3.679835657672174132e-01
3.683839944382559239e-01
3.687178276457309112e-01
3.689961209448747725e-01
3.692281006905178686e-01
3.694214647921129635e-01
3.695826346134142848e-01
3.697169657500418150e-01
3.698289242964503676e-01
3.699222341468304531e-01
3.699999999999999956e-01
3.699999999999999956e-01
3.700777729000724880e-01
3.701711095489443326e-01
3.702831267861858011e-01
3.704175665568495979e-01
3.705789217514540157e-01
3.707725875241623115e-01
3.710050433516522972e-01
3.712840722211129263e-01
3.716190246604196279e-01
3.720211370335835266e-01
3.725039155693849469e-01
3.730836001728937146e-01
3.737797252661120284e-01
3.746157988716465881e-01
3.756201261377319356e-01
3.768268099141148242e-01
3.782769687721702079e-01
3.799922343342365672e-01
3.820884608898994506e-01
3.846102000370655305e-01
3.876452278009020480e-01
3.912999864433865382e-01
3.957037542800336816e-01
4.010137973585531368e-01
4.074217267412845178e-01
4.151612956678892297e-01
4.233306039698898071e-01
4.315545915866742521e-01
4.398299650801890670e-01
4.481528774432229634e-01
4.565186527386176918e-01
4.649213102306776202e-01
4.733526619732791874e-01
4.818004434396176427e-01
4.902439934025492052e-01
4.986421318432393557e-01
5.068874331560589974e-01
5.144738650584411710e-01
5.088188621356481978e-01
5.008507790003559057e-01
4.926737670526881718e-01
4.844294263552554880e-01
4.761712343219542953e-01
4.679254567036791879e-01
4.597073486493727379e-01
4.515268905564244206e-01
4.433912114074685662e-01
4.353057806651234318e-01
4.272750214905831623e-01
4.193026678999048351e-01
4.113919774650269812e-01
4.035458639221473631e-01
3.957669841396152521e-01
3.880577958138891614e-01
3.804205961545749082e-01
3.728575494356833886e-01
3.653962618397796347e-01
3.579872986677548052e-01
3.506583393143061222e-01
3.434111578078802851e-01
3.362474481340829158e-01
3.291688274517062252e-01
3.221768380757920602e-01
3.152729482745034173e-01
3.084585523236108018e-01
3.017349699548284025e-01
2.951034451000938974e-01
2.885651440441632243e-01
2.821211527755670967e-01
