1.825634705217358544e-01
1.810064963087278100e-01
1.794447451649820446e-01
1.778787656618641966e-01
1.763090808850368563e-01
1.747361868004742025e-01
1.731605508348579292e-01
1.715826105441718152e-01
1.700027720080188320e-01
1.684214085976508957e-01
1.668388595766424343e-01
1.652554285527281230e-01
1.636713822110409944e-01
1.620869485053376136e-01
1.605023152356017391e-01
1.589176282084793779e-01
1.573329891337469921e-01
1.557484536974140799e-01
1.541640288920980983e-01
1.525796703943305410e-01
1.509952793131921212e-01
1.494106985344812732e-01
1.478257085089438039e-01
1.462400222133421468e-01
1.446532793983420495e-01
1.430650397170493970e-01
1.414747745018435643e-01
1.398818570782549287e-01
1.382855512110911234e-01
1.366849970262266623e-01
1.350791939505706918e-01
1.334669802201982058e-01
1.318470072590358366e-01
1.302177084009889518e-01
1.285772595999324919e-01
1.269235300088058238e-01
1.252540192044021283e-01
1.235657762306572593e-01
1.218552943129209420e-01
1.201183712137059573e-01
1.183499221507819804e-01
1.165437235519038023e-01
1.146920553644294599e-01
1.127851896039790414e-01
1.109032554540853588e-01
1.092779272336114882e-01
1.078759397634176664e-01
1.066688248784384008e-01
1.056318575724173037e-01
1.047433213298675364e-01
1.039840047475550366e-01
1.033368567546067429e-01
1.027867432352728566e-01
1.023202641512535593e-01
1.019256028555033250e-01
1.015923908117709468e-01
1.013115792235630419e-01
1.010753134239900375e-01
1.008768106885769011e-01
1.007102419663049031e-01
1.005706187107116290e-01
1.004536893066041436e-01
1.003558416273231113e-01
1.002740160490380866e-01
1.002056274596146851e-01
1.001484964276042888e-01
1.001007889300545156e-01
1.000609639970304471e-01
1.000277286225883799e-01
1.000000000000000056e-01
1.000000000000000056e-01
9.997223893597168010e-02
9.993888638604901675e-02
9.989880486742333532e-02
9.985062241625293489e-02
9.979268085572338964e-02
9.972297314758409026e-02
9.963906543002341853e-02
9.953799999120499509e-02
9.941617274619003741e-02
9.926917724411800370e-02
9.909160507564782061e-02
9.887678351429159129e-02
9.861642973272582990e-02
9.830018240665878981e-02
9.791495455702650674e-02
9.766528405046399908e-02
9.709263413933748310e-02
9.638551960189781220e-02
9.550566609049725153e-02
9.439976241547175240e-02
9.299107729173813897e-02
9.116590711138000680e-02
8.875679270716689551e-02
8.555773094769936193e-02
8.151878098656636928e-02
7.701316087080388451e-02
7.299028142923318085e-02
6.949948320595207563e-02
6.638976182257660952e-02
6.356485491019786549e-02
6.096236634924161180e-02
5.854031601088788284e-02
5.626934097386664807e-02
5.412813655087908571e-02
5.210073316517514763e-02
5.017481388670039927e-02
4.834063750700930140e-02
4.659032551202551414e-02
4.491737761049172800e-02
4.331633292228000837e-02
4.178252856466273257e-02
4.031192388212546246e-02
3.890097012214129013e-02
3.754651271153979647e-02
3.624571669391041945e-02
3.499600938227598323e-02
3.379503561009035428e-02
3.264062268046106358e-02
3.153075254639512576e-02
3.046353964880929577e-02
2.943721302897982575e-02
2.845010199511161311e-02
2.750062433784929497e-02
2.658727680846048602e-02
2.570862727223949956e-02
2.486330815546912432e-02
2.405001112341926747e-02
2.326748256804659840e-02
2.251451979274135887e-02
2.178996784138427512e-02
2.109271671599394216e-02
2.042169899953445375e-02
1.977588779863278037e-02
1.915429492015337590e-02
1.855596921502535718e-02
1.797999514331579535e-02
1.742549143880220419e-02
1.689160987937367644e-02
1.637753411466044695e-02
