1.816446138798557264e-01
1.802540551511725986e-01
1.788586030819565298e-01
1.774582053971580919e-01
1.760527955083416307e-01
1.746422918633643850e-01
1.732265974140742293e-01
1.718055990685478929e-01
1.703791667310167179e-01
1.689471526820059410e-01
1.675093904237731912e-01
1.660656937194490701e-01
1.646158553531331947e-01
1.631596457325630301e-01
1.616968113350964464e-01
1.602270730004771992e-01
1.587501238688983352e-01
1.572656272419750700e-01
1.557732138869808436e-01
1.542724792855707794e-01
1.527629802582147756e-01
1.512442311201853129e-01
1.497156994237857086e-01
1.481768009318749080e-01
1.466268938842838765e-01
1.450652722013471008e-01
1.434911578095364459e-01
1.419036914272997219e-01
1.403019218670608914e-01
1.386847933612253836e-01
1.370511303626905653e-01
1.353996196023124488e-01
1.337287881119723632e-01
1.320369768069639682e-01
1.303223080284512392e-01
1.285826452724080360e-01
1.268155431419774881e-01
1.250181840859939664e-01
1.231872975579551971e-01
1.213190555376627289e-01
1.194089353681832416e-01
1.174515373341851326e-01
1.154403368835818094e-01
1.133673431184293451e-01
1.113228400015271180e-01
1.095608003833693361e-01
1.080459940461452190e-01
1.067471363467284023e-01
1.058725753246893414e-01
1.049304394994330925e-01
1.041292525485512516e-01
1.034495758144223926e-01
1.028742779821586323e-01
1.023883316716836522e-01
1.019786213575490930e-01
1.016337582658725230e-01
1.013439019318743972e-01
1.011005889466763535e-01
1.008965713232728018e-01
1.007256648161829055e-01
1.005826141438901644e-01
1.004629615030675216e-01
1.003629390328557164e-01
1.002793681882581805e-01
1.002095725277760002e-01
1.001513022585402146e-01
1.001026688246810376e-01
1.000620886903946100e-01
1.000282354638625804e-01
1.000000000000000056e-01
1.000000000000000056e-01
9.997173944222391417e-02
9.993779725966138450e-02
9.989702229413716106e-02
9.984802828800652674e-02
9.978914267726493592e-02
9.971834552613885461e-02
9.963319395762876285e-02
9.953072877264565466e-02
9.940735820730924044e-02
9.925871201822041023e-02
9.907945669798748356e-02
9.886306128120471437e-02
9.860148292030446182e-02
9.828477265322703438e-02
9.790052511799607338e-02
9.743313177638042444e-02
9.686272128516661140e-02
9.616360774792559463e-02
9.530192374374374387e-02
9.423182427709859976e-02
9.288901664712712059e-02
9.117874316112382915e-02
8.895019341053886364e-02
8.593598639303416664e-02
8.181918783561006880e-02
7.710774413218567103e-02
7.333497103096639491e-02
7.036270773740324613e-02
6.781100408986641404e-02
6.560335838620631743e-02
6.365956965876061469e-02
6.191804753599067235e-02
6.033550926255299568e-02
5.888127712161808636e-02
5.753298130835812763e-02
5.627383058754470424e-02
5.509089184723386240e-02
5.397397969178343441e-02
5.291491793055543014e-02
5.190703449762063687e-02
5.094480651086826656e-02
5.002360509969355079e-02
4.913950796020647577e-02
4.828915912972767122e-02
4.746966225954128704e-02
4.667849824465254704e-02
4.591346075737805926e-02
4.517260515728611231e-02
4.445420754414097092e-02
4.375673168901188237e-02
4.307880198694453988e-02
4.241918117192277488e-02
4.177675187310055799e-02
4.115050115696353150e-02
4.053950752752569914e-02
3.994292993573787809e-02
3.935999841001606991e-02
3.879000601574156964e-02
3.823230197837834687e-02
3.768628569273393264e-02
3.715140156412252703e-02
3.662713446832081138e-02
3.611300580957556294e-02
3.560857003818974215e-02
3.511341158307791643e-02
3.462714214782364880e-02
3.414939830336032045e-02
3.367983933271647551e-02
3.321814532950388005e-02
