1.954839244279718002e-01
1.915985862057985323e-01
1.838071884564775604e-01
1.766685845309118041e-01
1.732804903898438331e-01
1.673300883275018747e-01
1.651680464316582775e-01
1.609844477984797295e-01
1.536318641163939569e-01
1.466507863390373867e-01
1.402022498504475745e-01
1.343319690715279735e-01
1.290531946994050438e-01
1.243527215193735436e-01
1.201980231483871647e-01
1.165451374839266002e-01
1.133454169277279128e-01
1.105502989375646977e-01
1.081141415728931049e-01
1.059955922406991546e-01
1.041580110320494690e-01
1.025693481391496964e-01
1.012017549186155357e-01
1.000310895753940138e-01
9.903640930193512160e-02
9.819949599412645946e-02
9.750443318085190436e-02
9.693723936124744311e-02
9.648555650208399947e-02
9.613838753621317679e-02
9.588587612372970193e-02
9.571886299187266911e-02
9.567417680631702670e-02
9.561441580142961139e-02
9.562211914438666083e-02
9.569065506126019083e-02
9.581387329713467182e-02
9.598602221301087700e-02
9.620169311346693508e-02
9.645577389442117067e-02
9.674340977068462966e-02
9.705996934372121410e-02
9.740101445510644662e-02
9.776227290091632494e-02
9.812194513371477744e-02
9.843032982645859297e-02
9.869179976606495819e-02
9.891193157060126917e-02
9.909642973503650365e-02
9.925062258213369903e-02
9.937925890039206456e-02
9.948645843694750579e-02
9.957573756850694735e-02
9.965006721796376699e-02
9.971194158926670326e-02
9.976344623504371234e-02
9.980632062508003333e-02
9.984201365839311115e-02
9.987173098830130769e-02
9.989647557460921978e-02
9.991708156059006529e-02
9.993424273569925798e-02
9.994853619030763525e-02
9.996044202214225682e-02
9.997035979162448294e-02
9.997862187843027659e-02
9.998550509377283901e-02
9.999123979131273321e-02
9.999601773607479094e-02
1.000000000000000056e-01
1.000000000000000056e-01
1.000039790933284350e-01
1.000087547697686013e-01
1.000144844240982989e-01
1.000213583087308927e-01
1.000296045889356167e-01
1.000394965413907433e-01
1.000513616896174102e-01
1.000655922364563355e-01
1.000826576976503873e-01
1.001031196779162413e-01
1.001276495041091008e-01
1.001570486939478838e-01
1.001922729042163535e-01
1.002344592986051802e-01
1.002849575889069034e-01
1.003453638078597443e-01
1.004175561108044401e-01
1.005023502393256052e-01
1.006050494702516729e-01
1.007271542886464394e-01
1.008718697761705752e-01
1.010426109610280954e-01
1.012427508470202658e-01
1.014751021797063862e-01
1.017409048697002633e-01
1.020378772478543750e-01
1.023186982271798995e-01
1.025624722646115150e-01
1.027623032037602580e-01
1.029099084803497544e-01
1.029949709749538866e-01
1.030040816443320573e-01
1.029188989480679522e-01
1.027126727840554227e-01
1.023429026589477292e-01
1.017331177269837211e-01
1.007141649621285107e-01
9.870177639179321394e-02
9.149476481148159646e-02
8.893785866304526611e-02
8.679972709796232588e-02
8.489990991676307774e-02
8.316080513100337912e-02
8.154036851076752745e-02
8.001270862259378391e-02
7.856048457999838253e-02
7.717135865877744472e-02
7.583614179146404288e-02
7.454773243440833419e-02
7.330047277971833697e-02
7.208973565910514747e-02
7.091164905954049080e-02
6.976290566996783127e-02
6.864062756442762536e-02
6.754226779702923733e-02
6.646553729719735515e-02
6.541194639330658034e-02
6.437232086390240471e-02
6.334852546533785433e-02
6.233887074840340631e-02
6.134175463167561987e-02
6.035564904029905309e-02
5.937909032624875960e-02
5.841067300152056468e-02
5.744904612204690397e-02
5.649291199768764760e-02
5.554102670218186155e-02
5.459220211824800800e-02
5.364530917024495915e-02
